Country,Year,Methane,CO2,Greenhouse,TotalEmi,HDI
Australia,2014,98076.1094,393126.947,522397.0907,1013600.147,0.93495825
Australia,2013,99857.20463,396913.9365,526882.6673,1023653.808,0.933389191
Australia,2012,100796.8387,406462.8477,537377.5715,1044637.258,0.932190241
Australia,2011,101085.5379,403705.5283,534089.7987,1038880.865,0.929656294
Australia,2010,99447.73016,406200.9932,533917.4363,1039566.16,0.927409978
Australia,2000,111520.3096,349885.4331,483445.8267,944851.5693,0.897513637
Australia,1990,118768.8378,278265.8989,418623.0496,815657.7863,0.865475509
Austria,2014,6623.265756,64262.56399,76332.61859,147218.4483,0.88502726
Austria,2013,6757.490404,67957.12111,80042.54184,154757.1534,0.884233628
Austria,2012,6855.141467,67698.65863,79897.1151,154450.9152,0.883921276
Austria,2011,6976.418553,70327.16704,82626.63802,159930.2236,0.881272513
Austria,2010,7182.81643,72531.82613,84946.01971,164660.6623,0.879002373
Austria,2000,8466.366071,66274.74325,80429.34339,155170.4527,0.836429537
Austria,1990,10598.56636,62297.16557,78844.62726,151740.3592,0.793513844
Belarus,2014,18599.17902,60615.64573,91895.64656,171110.4713,0.798366518
Belarus,2013,18724.35897,61510.98715,93037.24545,173272.5916,0.796089327
Belarus,2012,17461.76739,60636.85139,90925.11458,169023.7334,0.796129263
Belarus,2011,17499.47716,61128.40059,91671.72701,170299.6048,0.793184818
Belarus,2010,17109.26788,61632.4927,91183.54936,169925.3099,0.786163375
Belarus,2000,12922.69628,53686.85749,77959.72496,144569.2787,0.683212021
Belgium,2014,8047.552316,96325.41318,113866.619,218239.5845,0.890262992
Belgium,2013,8098.248992,101744.7367,119375.3015,229218.2872,0.888117471
Belgium,2012,8235.735485,100931.5956,118761.3382,227928.6693,0.888566814
Belgium,2011,8369.071322,104945.7138,122833.3955,236148.1806,0.886295363
Belgium,2010,8624.504882,114155.3867,133258.4057,256038.2973,0.88294829
Belgium,2000,10827.00456,126315.2099,149213.0172,286355.2318,0.873809564
Belgium,1990,12040.18105,119982.5034,146021.2368,278043.9212,0.806424492
Bulgaria,2014,7420.509699,45139.95529,#N/A,#N/A,0.781675314
Bulgaria,2013,7526.885751,42534.9272,#N/A,#N/A,0.779237808
Bulgaria,2012,7643.919411,48117.55608,#N/A,#N/A,0.778056289
Bulgaria,2011,8015.197676,53020.98112,#N/A,#N/A,0.775303307
Bulgaria,2010,7782.637957,47678.64896,#N/A,#N/A,0.77281269
Bulgaria,2000,10189.34006,44896.67055,#N/A,#N/A,0.713225271
Bulgaria,1990,16430.83757,78197.88126,#N/A,#N/A,0.694715678
Canada,2014,108436.7169,574099.7755,747171.8726,1429708.365,0.913178984
Canada,2013,107063.1294,573094.0388,737423.1353,1417580.303,0.912028642
Canada,2012,105633.6248,563423.6132,729475.8887,1398533.127,0.910430596
Canada,2011,103884.6701,558152.7229,722862.5069,1384899.9,0.908500336
Canada,2010,103730.441,555003.7603,718178.0802,1376912.282,0.903135969
Canada,2000,120724.8718,572290.3855,745991.031,1439006.288,0.867195597
Canada,1990,95378.25194,463493.3324,616908.1109,1175779.695,0.848629776
Croatia,2014,3080.40853,17607.32241,22898.87816,43586.6091,0.817539869
Croatia,2013,3129.725434,18359.49984,23770.55277,45259.77804,0.81714615
Croatia,2012,3167.148069,18776.38135,24734.64982,46678.17924,0.816563244
Croatia,2011,3230.315368,20614.44047,26773.82634,50618.58218,0.814139837
Croatia,2010,3243.512872,21183.70931,27280.22983,51707.45202,0.80727685
Croatia,2000,2785.338223,19789.12175,25172.96286,47747.42283,0.749052218
Croatia,1990,3770.717761,23390.07521,31204.63126,58365.42423,0.669827375
Cyprus,2014,923.9572982,6878.555309,8453.767413,16256.28002,0.849745435
Cyprus,2013,918.0362718,6449.610812,8020.09847,15387.74555,0.849723262
Cyprus,2012,937.2008153,7160.971876,8769.366026,16867.53872,0.851546053
Cyprus,2011,962.2115075,7696.667805,9296.16313,17955.04244,0.852420824
Cyprus,2010,943.4175711,8004.912021,9571.65722,18519.98681,0.848341119
Cyprus,2000,847.453418,7095.964385,8326.885734,16270.30354,0.799874544
Cyprus,1990,693.5666222,4621.007177,5624.649922,10939.22372,0.733354174
Czech Republic,2014,13491.73508,101159.1222,125033.1058,239683.9631,0.870090821
Czech Republic,2013,13435.25578,106477.0887,129786.7336,249699.0781,0.868057513
Czech Republic,2012,14086.09266,109841.3289,133778.9063,257706.3279,0.866594305
Czech Republic,2011,14017.03574,114113.1467,137948.6187,266078.8012,0.866084384
Czech Republic,2010,13992.5773,115757.3686,139148.9519,268898.8978,0.862666725
Czech Republic,2000,14896.95985,125841.9693,149753.5765,290492.5057,0.820992085
Czech Republic,1990,23315.04677,161662.0189,198621.2408,383598.3064,0.761287634
Denmark,2014,7362.965801,37460.65646,51206.67239,96030.29465,0.923327926
Denmark,2013,7380.665912,41537.03581,55435.0429,104352.7446,0.92280936
Denmark,2012,7484.697802,39524.40203,53408.40702,100417.5069,0.921083738
Denmark,2011,7642.002476,43970.78926,58244.36229,109857.154,0.920488361
Denmark,2010,7786.915042,48993.41738,63499.83666,120280.1691,0.908387715
Denmark,2000,8355.108293,54148.90497,71007.92972,133511.943,0.861817009
Denmark,1990,8082.707613,54306.43334,71470.18321,133859.3242,0.798723449
Estonia,2014,1102.373316,18918.71534,21059.24014,41080.32879,0.860835015
Estonia,2013,1132.689799,19566.36837,21676.70633,42375.7645,0.858617735
Estonia,2012,1143.205076,17304.63723,19423.32536,37871.16767,0.854625189
Estonia,2011,1134.034556,18449.93086,20485.03604,40069.00146,0.849472281
Estonia,2010,1182.870769,17833.77961,19911.68188,38928.33226,0.8375981
Estonia,2000,1237.386618,15141.38772,17061.85258,33440.62691,0.78044396
Estonia,1990,1912.193388,36666.0273,39965.16872,78543.3894,0.725815239
Finland,2014,5016.974759,47597.73353,59105.07719,111719.7855,0.882727787
Finland,2013,5122.634766,51834.69674,63276.88851,120234.22,0.882037875
Finland,2012,5264.876082,50983.27288,62403.74806,118651.897,0.881737419
Finland,2011,5306.525351,56478.74559,68033.96543,129819.2364,0.880920765
Finland,2010,5487.222282,63828.01823,75930.97023,145246.2107,0.878046465
Finland,2000,6661.09848,56973.35053,70009.50459,133643.9536,0.856774767
Finland,1990,7744.716488,56950.84818,71338.5624,136034.1271,0.783434301
France,2014,59761.95285,341152.5315,465369.5273,866284.0117,0.888107437
France,2013,59044.22446,369985.5945,492151.894,921181.713,0.887026303
France,2012,60127.51322,370491.1537,493928.8044,924547.4713,0.885877734
France,2011,61629.45576,368183.4384,492623.1582,922436.0524,0.884195505
France,2010,62525.86732,394235.6741,519972.3331,976733.8746,0.880909136
France,2000,70804.66298,417116.5447,558215.9727,1046137.18,0.848390536
France,1990,68916.24518,400652.624,551057.0296,1020625.899,0.779266918
Germany,2014,55527.86344,792902.788,901763.9388,1750194.59,0.916079908
Germany,2013,56975.08383,835792.6323,945150.948,1837918.664,0.915162283
Germany,2012,57647.41294,817031.4402,926338.3616,1801017.215,0.914762983
Germany,2011,56966.47202,812483.2196,921829.7435,1791279.435,0.910603876
Germany,2010,58092.1746,832259.2033,941038.6912,1831390.069,0.906466666
Germany,2000,87647.83106,899284.9934,1043294.434,2030227.259,0.855195381
Germany,1990,119234.7695,1052238.234,1249828.649,2421301.652,0.800912566
Greece,2014,11086.13592,79628.2744,101298.1841,192012.5944,0.865187181
Greece,2013,11155.03253,82910.62596,104564.0312,198629.6897,0.86342683
Greece,2012,11249.2097,90710.57425,112086.4364,214046.2204,0.864588183
Greece,2011,11378.90583,94102.94398,115576.7833,221058.6331,0.863849069
Greece,2010,11540.64043,97035.08276,118626.5175,227202.2407,0.866493544
Greece,2000,12816.9912,103019.6647,127570.605,243407.2609,0.799053907
Greece,1990,12534.1246,83403.72,104716.4921,200654.3367,0.759228559
Hungary,2014,7613.968985,43573.40884,57225.15528,108412.5331,0.828350453
Hungary,2013,7618.50037,43930.87818,57553.8333,109103.2118,0.825370564
Hungary,2012,7824.920809,46774.94485,60106.89997,114706.7656,0.823267721
Hungary,2011,7821.166271,50272.8651,63808.01416,121902.0455,0.822831849
Hungary,2010,8036.884859,52108.89276,65523.68954,125669.4672,0.821484249
Hungary,2000,8957.818342,58336.80706,73556.6927,140851.3181,0.768677864
Hungary,1990,11967.24252,73115.19863,94133.97193,179216.4131,0.70288924
Iceland,2014,592.4900978,3272.208233,4596.847329,8461.54566,0.899412127
Iceland,2013,546.3262898,3301.796314,4534.662835,8382.785438,0.899399484
Iceland,2012,545.9869347,3290.576431,4550.40348,8386.966846,0.896945627
Iceland,2011,565.8417003,3298.56769,4520.220864,8384.630253,0.895590527
Iceland,2010,583.7268257,3383.552219,4730.35143,8697.630474,0.892083698
Iceland,2000,558.8437903,2728.937485,3962.772806,7250.554082,0.859086553
Iceland,1990,521.754008,2106.026068,3633.558009,6261.338085,0.801619831
Ireland,2014,13433.35375,36559.06858,58253.6714,108246.0937,0.915541562
Ireland,2013,13224.50044,37049.42383,58546.72726,108820.6515,0.912306299
Ireland,2012,12891.03789,38031.61872,58685.21184,109607.8684,0.909851039
Ireland,2011,12594.39562,37895.19543,58194.66762,108684.2587,0.908905082
Ireland,2010,12632.79386,41558.27509,62299.01207,116490.081,0.907999792
Ireland,2000,14532.20252,45123.33544,69324.95522,128980.4932,0.860594212
Ireland,1990,14881.82673,32768.52676,56168.54793,103818.9014,0.770015305
Italy,2014,43252.02811,342826.6771,418587.2149,804665.9201,0.873022984
Italy,2013,44074.40603,362063.6493,438887.3696,845025.4249,0.873188968
Italy,2012,46521.3334,389340.7634,468717.9158,904580.0126,0.871708363
Italy,2011,46314.00525,416499.5342,494789.5846,957603.124,0.87274623
Italy,2010,47942.25823,428879.6812,508424.0983,985246.0377,0.868561324
Italy,2000,55514.80529,465175.0734,554479.2897,1075169.168,0.828999767
Italy,1990,54530.77002,436204.2499,521920.6005,1012655.62,0.765973355
Japan,2014,35481.86546,1265490.609,1363862.305,2664834.78,0.890593213
Japan,2013,36065.687,1311509.149,1407883.226,2755458.062,0.890096344
Japan,2012,36452.81716,1296186.358,1390339.973,2722979.148,0.888041452
Japan,2011,37281.69613,1261862.938,1354616.007,2653760.641,0.88596249
Japan,2010,38272.25546,1212970.225,1304902.642,2556145.123,0.884146553
Japan,2000,41474.30355,1274297.988,1386713.844,2702486.135,0.856955492
Japan,1990,48582.35458,1155993.62,1270742.948,2475318.923,0.814100255
Latvia,2014,2082.212145,7158.718037,11393.29361,20634.22379,0.81876601
Latvia,2013,2010.243333,7353.220444,11450.92958,20814.39336,0.815756101
Latvia,2012,1971.185016,7521.122528,11526.20942,21018.51696,0.812857414
Latvia,2011,1897.768396,7807.65941,11634.56886,21339.99666,0.812218576
Latvia,2010,1949.622046,8524.087227,12373.11963,22846.8289,0.810715172
Latvia,2000,1922.676698,7069.94204,10460.68478,19453.30352,0.72726455
Latvia,1990,3671.259763,19794.29445,26397.40224,49862.95645,0.69231001
Liechtenstein,2014,20.6049163,161.5418167,#N/A,#N/A,0.90750119
Liechtenstein,2013,19.90101735,192.8644158,#N/A,#N/A,0.906996743
Liechtenstein,2012,20.78445638,185.6324314,#N/A,#N/A,0.906491733
Liechtenstein,2011,20.37373586,177.0880402,#N/A,#N/A,0.903300703
Liechtenstein,2010,19.93271477,191.0475017,#N/A,#N/A,0.902276455
Lithuania,2014,3464.712009,12732.79886,19777.74981,35975.26068,0.839421883
Lithuania,2013,3420.265936,12987.81753,19850.82895,36258.91242,0.837134079
Lithuania,2012,3520.262233,13975.52321,21112.67638,38608.46183,0.83297498
Lithuania,2011,3505.336726,13919.0155,21254.45751,38678.80974,0.830676338
Lithuania,2010,3672.494912,13618.91266,20755.13472,38046.5423,0.826807557
Lithuania,2000,3764.72211,11801.9649,19605.28432,35171.97133,0.75396455
Lithuania,1990,7006.655486,35812.89368,48190.28202,91009.83119,0.730152815
Luxembourg,2014,578.8489455,9826.253278,#N/A,#N/A,0.891851627
Luxembourg,2013,571.5091127,10303.03961,#N/A,#N/A,0.890070137
Luxembourg,2012,567.564137,10872.06448,#N/A,#N/A,0.888447003
Luxembourg,2011,579.15509,11168.51167,#N/A,#N/A,0.888369597
Luxembourg,2010,605.3883424,11285.02742,#N/A,#N/A,0.885995062
Luxembourg,2000,605.3003605,8798.182081,#N/A,#N/A,0.850590731
Luxembourg,1990,619.7972002,11944.00739,#N/A,#N/A,0.779324719
Malta,2014,196.5126727,2483.536786,2982.644788,5662.694247,0.83897834
Malta,2013,188.6784049,2476.074429,2953.958319,5618.711153,0.837044802
Malta,2012,186.6493883,2868.638128,3324.497016,6379.784532,0.829675785
Malta,2011,185.9645809,2785.896568,3211.706092,6183.567242,0.822285884
Malta,2010,196.6201599,2690.518035,3098.805706,5985.943901,0.824160649
Malta,2000,130.4159844,2414.283811,2625.805769,5170.505564,0.765712703
Malta,1990,78.27849467,1860.473648,2000.251782,3939.003925,0.729134802
Netherlands,2014,18771.50917,157789.5817,187056.8844,363617.9753,0.921793512
Netherlands,2013,19166.69037,165475.8844,195039.4078,379681.9826,0.920442319
Netherlands,2012,19178.51138,165665.0238,195295.9439,380139.479,0.920454068
Netherlands,2011,19508.80841,169792.1365,200033.6835,389334.6284,0.919071387
Netherlands,2010,19991.02185,182529.7869,213760.3116,416281.1204,0.909236032
Netherlands,2000,25342.16956,172059.8122,220250.1742,417652.156,0.876810173
Netherlands,1990,32906.22358,162497.5596,222182.4822,417586.2654,0.829240422
New Zealand,2014,34813.01128,35616.98531,81104.42908,151534.4257,0.913497656
New Zealand,2013,34615.50364,35094.28674,80298.32515,150008.1155,0.911315877
New Zealand,2012,34720.81637,35621.02602,80890.36393,151232.2063,0.909478685
New Zealand,2011,34235.49032,34366.58268,78941.5209,147543.5939,0.907398137
New Zealand,2010,34057.86884,35017.24135,78942.2909,148017.4011,0.904930895
New Zealand,2000,35269.01872,32355.95702,76384.68695,144009.6627,0.874144197
New Zealand,1990,32157.59396,25419.77167,65828.38048,123405.7461,0.820072095
Norway,2014,5369.151356,43869.45109,53190.60718,102429.2096,0.94387728
Norway,2013,5341.828454,44309.05597,53585.63239,103236.5168,0.942321983
Norway,2012,5344.419843,44553.96566,53872.30853,103770.694,0.942292685
Norway,2011,5377.992519,44946.86935,54308.64385,104633.5057,0.940696785
Norway,2010,5522.608406,45833.89207,55299.09696,106655.5974,0.939844409
Norway,2000,5966.438075,42194.61918,54883.37501,103044.4323,0.916869844
Norway,1990,6032.679108,35694.8244,51921.77141,93649.27491,0.849367673
Poland,2014,41330.22392,310307.2974,380037.5659,731675.0871,0.842677828
Poland,2013,42357.10537,322440.4865,393091.8722,757889.4641,0.839926109
Poland,2012,42588.02934,326597.7905,396983.5494,766169.3693,0.837545309
Poland,2011,42128.01845,333713.6507,403271.3596,779113.0288,0.833472207
Poland,2010,43166.36889,334026.1547,403598.9309,780791.4545,0.829135938
Poland,2000,49402.94535,319120.4051,392275.7574,760799.1079,0.786176639
Poland,1990,67064.04007,378782.5392,472995.9739,918842.5531,0.712556068
Portugal,2014,11374.15618,48353.69033,65747.82223,125475.6687,0.830095297
Portugal,2013,11560.46578,48495.55048,65884.85781,125940.8741,0.828074599
Portugal,2012,11798.73023,50262.42244,67681.24881,129742.4015,0.826513122
Portugal,2011,12123.97474,52150.65344,69774.22137,134048.8496,0.825132489
Portugal,2010,12108.02041,53583.88586,71333.59808,137025.5043,0.819367407
Portugal,2000,12639.43622,66411.32992,83930.83956,162981.6057,0.781730426
Portugal,1990,10599.48176,45809.07141,60552.01255,116960.5657,0.709946947
Romania,2014,29101.49884,74046.46763,111612.8106,214760.7771,0.79279742
Romania,2013,29191.8842,74083.35824,111933.8959,215209.1383,0.790759488
Romania,2012,29612.04496,84661.23054,122666.9543,236940.2298,0.787848379
Romania,2011,29103.71269,86163.63433,124264.6171,239531.9641,0.785841025
Romania,2010,29750.66988,80795.77403,119124.9811,229671.425,0.784498227
Romania,2000,36291.1316,95190.90345,142404.6674,273886.7024,0.706255273
Romania,1990,62314.75674,174731.8868,254999.1229,492045.7665,0.703333886
Russian Federation,2014,859101.0676,1671568.652,2648873.347,5179543.067,0.797870201
Russian Federation,2013,856648.0685,1666644.423,2643064.6,5166357.091,0.797369329
Russian Federation,2012,852552.4816,1727489.104,2700925.24,5280966.826,0.794929262
Russian Federation,2011,842543.9936,1717221.951,2665179.258,5224945.202,0.789811068
Russian Federation,2010,827300.1489,1662592.259,2602483.428,5092375.835,0.782933893
Russian Federation,2000,634332.6109,1504182.729,2274497.944,4413013.284,0.717223176
Russian Federation,1990,942383.4621,2589725.306,3767555.044,7299663.812,0.729225457
Slovakia,2014,4363.291123,33387.42872,40657.6017,78408.32155,0.843572119
Slovakia,2013,4555.867847,35395.15486,42792.4789,82743.50161,0.839491736
Slovakia,2012,4408.495105,35867.89627,43175.58847,83451.97985,0.835892644
Slovakia,2011,4788.512721,37880.85315,45604.01843,88273.38429,0.831645244
Slovakia,2010,4707.524153,38385.94252,46482.87376,89576.34043,0.827444861
Slovakia,2000,5422.742725,41155.01145,49712.47766,96290.23183,0.762907344
Slovakia,1990,7121.283419,61837.56679,74271.51068,143230.3609,0.737669196
Slovenia,2014,1978.92047,13489.98004,16582.3119,32051.2124,0.88028084
Slovenia,2013,2080.226516,15148.72538,18313.78153,35542.73343,0.878008419
Slovenia,2012,2127.710672,15800.18724,19035.42088,36963.31879,0.877624653
Slovenia,2011,2182.154416,16348.23911,19626.46399,38156.85752,0.877255117
Slovenia,2010,2187.902363,16363.42977,19618.76493,38170.09707,0.875823181
Slovenia,2000,2459.125999,15460.15417,19126.22917,37045.50934,0.823789869
Slovenia,1990,2471.360931,15088.30505,18616.4491,36176.11507,0.765623426
Spain,2014,34450.65116,253466.918,#N/A,#N/A,0.876124307
Spain,2013,34043.95653,252259.6905,#N/A,#N/A,0.874257414
Spain,2012,34614.98747,279830.3083,#N/A,#N/A,0.873708777
Spain,2011,35615.13503,283918.6792,#N/A,#N/A,0.870483197
Spain,2010,35291.21276,283581.4007,#N/A,#N/A,0.866617285
Spain,2000,35247.71302,311599.7239,#N/A,#N/A,0.827097313
Spain,1990,29575.35396,230154.9631,#N/A,#N/A,0.756001393
Sweden,2014,5158.274605,43404.90317,54382.73729,102945.9151,0.90681646
Sweden,2013,5277.932996,44899.15194,55939.52329,106116.6082,0.905172296
Sweden,2012,5377.2059,46559.64002,57578.35909,109515.205,0.903746177
Sweden,2011,5564.028788,49133.58694,60987.14771,115684.7634,0.902599218
Sweden,2010,5687.883849,53057.73463,64997.08737,123742.7059,0.901034182
Sweden,2000,7192.462277,54730.42441,68868.76885,130791.6555,0.897084403
Sweden,1990,7989.912104,57546.54325,71917.25959,137453.7149,0.815064198
Switzerland,2014,5095.069284,39265.05259,48737.86666,93097.98854,0.92961314
Switzerland,2013,5095.04936,43181.65944,52641.21781,100917.9266,0.928311941
Switzerland,2012,5164.95571,42241.55361,51759.67214,99166.18146,0.92696015
Switzerland,2011,5206.270747,40973.14917,50420.47437,96599.89429,0.924559454
Switzerland,2010,5271.57952,45027.06448,54498.08634,104796.7303,0.924370413
Switzerland,2000,5388.96545,43545.95971,52503.40619,101438.3313,0.887927008
Switzerland,1990,6086.294429,44115.53409,53719.9849,103921.8134,0.830818066
Turkey,2014,57137.71391,382213.4017,467550.3769,906901.4925,0.761120293
Turkey,2013,56177.46992,354961.0423,438819.584,849958.0962,0.758957871
Turkey,2012,58027.0064,363126.0072,447452.3313,868605.345,0.75628028
Turkey,2011,53909.34618,338094.4082,415868.8142,807872.5685,0.75130829
Turkey,2010,51415.13821,320356.659,395282.5102,767054.3074,0.737629696
Turkey,2000,44821.50306,232549.1895,296810.835,574181.5276,0.652592676
Turkey,1990,43820.3602,146750.637,207773.3211,398344.3183,0.576021844
Ukraine,2014,70341.4978,247561.221,354347.5367,672250.2555,0.747005221
Ukraine,2013,76562.52683,287436.4044,401066.9655,765065.8968,0.745682565
Ukraine,2012,80865.7011,295706.0643,409531.3527,786103.1181,0.74311408
Ukraine,2011,85863.57661,301273.5022,421635.9929,808773.0717,0.738351377
Ukraine,2010,86107.83012,287113.6064,401929.0933,775150.5298,0.732075011
Ukraine,2000,118474.5763,271429.7739,413923.4422,803827.7924,0.668186171
Ukraine,1990,189322.9635,693024.7666,937954.2038,1820301.934,0.705426792
United Kingdom,2014,53890.86476,434794.5569,434794.5569,923479.9786,0.906698192
United Kingdom,2013,56195.51186,475832.0506,475832.0506,1007859.613,0.902098368
United Kingdom,2012,60961.91404,484388.0904,484388.0904,1029738.095,0.901390223
United Kingdom,2011,63739.89123,464885.7489,464885.7489,993511.3891,0.901455302
United Kingdom,2010,66694.93891,507595.712,507595.712,1081886.363,0.90600551
United Kingdom,2000,114951.3548,561280.8662,561280.8662,1237513.087,0.865394785
United Kingdom,1990,137607.9784,596398.4732,596398.4732,1330404.925,0.773245456
